623475643
450814997
2098561878
1200127537
463939057
1779063631
632435682
894678801
1199318917
2098564124
843577117
843425103
826911897
861133494
2404571659
1795825073
2522638637
766491311
1355481562
1376867375
2946868556
639837898
2819732932
820924072
2791403093
2260572637
837729515
583496184
1638341685
2480263219
2467589125
333310405
2699465073
1224892496
825172265
1770265310
1480333388
782415569
843593391
843632231
1978754337
2461386136
3047690438
2461607508
3142300742
2867537125
903134884
1201499127
2800081814
421908020
2129532219
2387297579
825174634
2595680138
1888644057
3149544080
2081411913
2081414245
1208517358
2044374502
2056229605
667454606
2282227267
1205570929
2684121081
820994401
612930542
1397683809
897295039
2815865887
2577441180
583544987
2947655994
853743366
750186990
1726494027
2912941775
3116102079
413463022
1804716719
2011658088
735566597
2957974874
925018569
2947745583
1223309664
2421048459
2973761103
1658597841
2511318948
2522642015
1446500688
1858075458
1808238502
